P: 5831000

2021-11-27: 3.185345 3763207 684805
2021-11-28: 11.915778 3702790 746433
2021-11-29: 13.59516 3676428 775430
2021-11-30: 27.124314 3649199 805938
2021-12-01: 87.27525 3618943 839791
2021-12-02: 70.5348 3589197 872662
2021-12-03: 84.14339 3592523 872662
2021-12-04: 118.366248 3594904 872662
2021-12-05: 178.25315 3536402 932994
2021-12-06: 372.579075 3506619 967173
2021-12-07: 570.121398 3472928 1005141
2021-12-08: 726.01664 3430914 1051920
2021-12-09: 798.986009 3386814 1099764
2021-12-10: 961.96592 3390344 1099764
2021-12-11: 1190.45752 3392426 1099764
2021-12-12: 1703.902321 3281332 1212627
2021-12-13: 3228.29185 3202395 1295316
2021-12-14: 4651.11675 3102530 1398979
2021-12-15: 5501.42516 3106556 1398979
2021-12-16: 5186.402702 2837840 1671091
2021-12-17: 6132.03495 2841361 1671091
2021-12-18: 6218.2471 2843778 1671091
2021-12-19: 7077.794454 2522375 1995140
2021-12-20: 9352.640352 2396096 2126856
2021-12-21: 10842.20878 2290720 2237220
2021-12-22: 10130.85361 2201954 2330798
2021-12-23: 11257.7282 2204717 2330798
2021-12-24: 6817.690314 2120164 2415537
2021-12-25: 6953.58856 2120547 2415537
2021-12-26: 10363.119 2075548 2461845
2021-12-27: 21769.5305 1997197 2552266
2021-12-28: 21499.56702 1921930 2637466
2021-12-29: 17632.9198 1857272 2711897
2021-12-30: 19603.24 1820088 2755448
2021-12-31: 10021.8306 1820625 2755448