P: 67220000

2021-11-24: 6 29848683 16383575
2021-11-28: 48.66992 28444193 17896864
2021-11-29: 187.204 28151614 18215535
2021-11-30: 207.1266 27791182 18608124
2021-12-01: 262.6155 27415687 19015975
2021-12-02: 393.8 27025753 19436885
2021-12-03: 540.0956 26666586 19825863
2021-12-04: 620.1824 26239768 20290479
2021-12-05: 986.4686 25976769 20580644
2021-12-06: 2586.6549 25672616 20909809
2021-12-07: 4627.0416 25309941 21300859
2021-12-08: 7226.0322 24924733 21715504
2021-12-09: 8885.1538 24489078 22184983
2021-12-10: 10350.624 24092079 22613944
2021-12-11: 10314.1491 23580810 23164197
2021-12-12: 16624.2505 23213473 23561729
2021-12-13: 34785.4 22729158 24075451
2021-12-14: 53970.6528 22110335 24732162
2021-12-15: 66571.912 21403946 25477345
2021-12-16: 66096.0671 20585137 26338651
2021-12-17: 61355.6418 19774902 27191172
2021-12-18: 60256.528 18880194 28131778
2021-12-19: 62730.24 18073632 28978244
2021-12-20: 98764.7232 17226591 29876223
2021-12-21: 116644.3472 16312011 30844888
2021-12-22: 129721.948 15525127 31684926
2021-12-23: 130233.696 14963612 32290487
2021-12-24: 113063.808 14808211 32459856
2021-12-25: 59855.6952 14798648 32470336
2021-12-26: 98910.57 14777749 32493319
2021-12-27: 166469.4432 14527970 32766804
2021-12-28: 183838.2516 14232417 33091891